16 11
16 17
16 14
16 16
16 12
16 14
16 12
18 9
16 8
16 8
16 17
16 13
16 14
16 11
17 9
16 12
16 10
16 7
17 7
16 11
16 10
16 17
16 9
16 13
16 12
16 22
16 6
16 8
16 14
16 11
16 11
16 15
16 8
16 12
16 9
18 9
18 12
16 10
19 4
17 9
16 10
16 16
16 14
16 13
17 14
16 5
16 15
16 9
16 12
16 12
10 18
13 24
12 17
15 18
15 11
13 22
13 17
15 16
14 20
15 15
10 20
10 17
15 9
11 18
13 22
15 10
14 13
12 18
11 18
11 24
15 16
13 18
10 21
14 11
14 19
12 14
11 20
11 17
15 15
15 15
10 17
10 23
10 24
10 19
12 25
11 15
11 28
11 15
10 25
15 12
12 16
13 16
15 14
14 15
11 19
14 18
11 13
15 14
14 20
11 12
9 25
9 24
9 20
8 25
4 37
9 20
8 27
9 23
9 19
9 30
9 24
8 19
8 25
7 20
9 13
9 21
9 28
7 21
9 21
8 19
9 19
9 26
8 29
9 18
8 15
6 20
9 25
5 21
9 21
8 19
9 19
9 24
7 25
8 16
9 21
8 22
9 19
8 22
9 15
8 22
9 19
8 19
9 25
9 19
8 22
9 18
8 21
8 23
9 18
7 27
0 37
0 33
0 36
0 32
0 30
0 33
0 24
1 36
0 28
1 35
0 38
1 41
1 28
0 33
1 28
1 32
0 27
1 34
1 31
0 28
0 30
0 33
0 34
0 32
0 28
1 30
1 35
1 32
0 32
1 25
1 26
0 36
1 35
1 31
1 28
0 38
1 29
0 32
0 37
0 28
1 25
1 28
0 34
1 31
1 33
1 26
1 30
0 40
1 32
0 30
